  -1.1246121e+00  -6.3652924e-01
   1.6869177e+00   8.9424305e-01
   1.3174194e+00   2.1691836e+00
  -1.1145121e+00  -9.1709245e-01
  -3.7939187e-01  -6.9480541e-01
  -1.5655729e+00  -1.4028635e+00
  -1.7677721e+00  -1.3194263e+00
  -9.8436585e-01  -1.2074939e+00
  -1.4333735e+00  -1.8483438e+00
   1.1774542e+00  -5.0936504e-01
  -2.2311214e+00  -8.9582913e-01
  -9.7506672e-01  -1.5541715e+00
   9.5353491e-01   3.4906627e-01
  -1.0456693e+00  -4.3846865e-01
   3.5132862e-01   1.6803411e+00
   1.6425233e+00  -1.7792519e+00
   2.1396515e+00   2.2988255e+00
   1.3995898e+00   1.0876935e+00
  -1.0570926e+00  -5.0365310e-01
   1.3951091e+00   7.7557239e-01
   2.0353468e+00   1.6721450e+00
  -1.4438486e+00  -8.0959128e-01
  -8.7153401e-01  -2.0333460e+00
   1.7438693e+00   7.2018945e-01
  -4.6210355e-01   1.1091324e+00
  -1.3551012e+00  -8.7985476e-01
   6.8089431e-01   2.0889675e+00
  -8.8638342e-01  -8.3641636e-01
   1.1487235e+00   4.8967770e-01
  -7.0200737e-01   1.0891418e+00
  -1.6661489e+00  -1.4172720e+00
   2.2501489e-01  -1.3652743e+00
  -1.2077688e+00  -3.9808343e-01
  -6.1022429e-01  -5.4498251e-01
  -1.2449487e+00  -1.4968795e+00
  -1.1983554e+00  -8.2202478e-01
  -1.0556348e+00  -1.0760260e+00
   1.7688085e+00   4.0609687e-01
   1.6568407e+00   1.7465834e+00
  -1.5429751e+00  -3.8654097e-01
   2.0692151e+00   9.8939713e-01
  -1.3191000e+00  -1.5228944e-01
  -1.3256127e+00  -1.0890020e+00
  -1.2224248e+00  -9.8822383e-01
   7.1999598e-01   1.0151676e+00
   9.5971029e-01   1.8602507e+00
  -1.7767127e+00  -1.6884476e+00
   1.3802468e+00  -1.2260245e+00
   9.3774940e-01   5.6092411e-01
  -4.2106051e-03  -1.9603128e-02
  -1.7315891e+00  -1.4796839e+00
   1.0226696e+00  -5.9326530e-01
   8.6949762e-02   1.6075964e+00
   3.5145013e+00   2.4651365e+00
   9.6385067e-01   4.4586319e-01
  -6.7910397e-01  -4.5043003e-01
   1.5610738e+00   3.8008648e-01
  -3.5908732e-01   9.4414867e-01
  -2.4211855e-01  -1.2328017e+00
  -1.2972214e+00  -3.9907764e-01
   2.3360940e+00   1.3991689e+00
   5.1925830e-01  -8.3649748e-01
   1.7524433e+00   1.0213842e+00
  -1.4812364e+00  -1.5383914e+00
  -7.7468471e-01  -1.4236767e+00
   8.2468262e-01  -8.4219186e-02
  -1.1775601e-01   8.6411031e-01
  -9.2043361e-01  -8.0958832e-01
  -1.4475758e+00   1.4569226e-02
   2.9125931e+00   6.5244056e-01
   9.3883287e-01   2.9833613e+00
  -1.2567892e+00  -1.8570961e+00
  -1.1414829e+00  -1.6384642e+00
  -1.3255083e+00  -5.1414652e-01
  -2.0055314e-01   1.0331221e+00
  -1.2958066e+00  -9.1301313e-01
  -1.7694139e-01  -1.4680566e+00
   1.9060935e+00   9.0071598e-01
  -5.5715887e-01  -1.1116948e+00
  -9.0141535e-01  -1.3524619e+00
  -3.0511091e-01  -7.7694733e-01
  -7.0176489e-01  -1.2051446e+00
  -1.7579812e+00  -5.7862786e-01
  -1.7597305e+00  -7.2959098e-01
   3.0436838e-02   1.2179771e+00
   1.7887818e+00   1.1349379e+00
  -9.0020927e-01  -1.1517590e+00
  -1.2246778e+00  -3.7056404e-01
  -8.2223565e-01  -1.4564169e+00
   2.1676231e+00   9.6628622e-01
   2.0097984e+00   1.6991725e+00
  -1.2429117e+00  -1.3070405e+00
   1.2946218e+00  -5.9324111e-01
   2.0886719e+00   1.4297668e+00
   3.0822255e-01   1.8175938e+00
   9.8521687e-01   1.3545902e+00
  -1.6330481e+00  -1.6814054e+00
  -1.0793017e+00  -1.6360138e+00
   2.1989253e+00   6.3186458e-01
   3.7265273e-01   1.0662419e+00
   9.4455810e-02  -6.1669672e-01
  -8.7952357e-01  -1.5907381e+00
  -1.3897329e+00  -9.2210360e-01
   4.4991591e-01   3.5275384e-01
   1.0998711e+00   1.6477056e+00
   3.8693792e-01  -7.0124591e-01
  -1.6339923e+00  -1.7664531e+00
  -1.0630302e+00  -1.3083234e+00
   1.1625629e+00   1.7972453e+00
   5.3758185e-01  -2.5435530e-01
  -1.8922246e+00  -3.5927029e-01
  -1.4775487e+00  -1.1115334e+00
  -1.1272460e+00  -3.5346154e-01
  -4.4375649e-01   2.9531117e+00
  -9.9632692e-01  -6.0077468e-01
  -4.3496598e-01  -6.2753949e-02
   9.1249259e-01   3.0265543e+00
  -5.8976546e-01  -1.3743754e+00
   9.7183938e-01  -8.8730930e-01
  -1.5940139e+00  -6.3490864e-01
  -1.5534011e+00  -1.1424643e+00
  -4.5375744e-01   2.5016643e+00
  -1.4368777e+00  -1.3769354e+00
  -6.2750312e-01  -5.6734669e-01
  -2.6316369e-01   1.6905212e+00
  -7.4844341e-01  -9.0026008e-01
   1.5468878e+00   7.3475173e-01
  -2.0283395e+00  -5.4219510e-01
  -1.1769638e+00  -1.1109251e+00
  -7.5372341e-01  -1.7147101e+00
  -5.6710723e-01  -4.0425112e-01
   1.0539186e+00   1.2204197e+00
   5.6945041e-02   1.7796354e+00
  -1.1173478e+00  -1.3261310e+00
   6.6236040e-01   1.3928533e+00
  -4.6947693e-01  -1.5172511e+00
  -1.3879023e+00  -9.5701469e-01
  -1.2220737e+00  -6.3490062e-01
   1.3554850e+00  -1.3207926e+00
  -1.1338801e+00  -1.1347058e+00
   1.4474175e+00   1.9008785e+00
  -7.6234373e-01  -1.5891330e+00
   1.5224750e-01   5.4953826e-01
  -9.6118881e-01  -2.0023815e-02
  -1.7183612e+00   2.1781958e+00
   2.2300846e-01   1.2829216e+00
  -7.2359810e-01  -1.1750330e+00
   2.0594331e+00   7.2974327e-01
   1.8601690e+00   1.7859298e+00
  -9.3177610e-01  -1.1500355e+00
   1.1057907e-01   1.0746711e+00
   2.7685275e+00   8.6581862e-01
  -6.3591199e-01  -1.3254036e+00
  -9.7899176e-01  -1.3723804e+00
   1.1749613e+00   2.0811102e+00
  -1.1247265e+00  -1.4963632e+00
  -1.4841817e+00  -9.5824819e-01
  -1.1822218e+00  -1.6265037e+00
   7.4602012e-01   1.5188183e+00
  -5.5165482e-01  -1.5115284e+00
  -6.8007331e-01  -9.2225487e-01
  -1.9677887e-01   2.1033037e-01
   1.2998001e+00   6.4396001e-01
  -1.3024987e+00  -1.7229081e+00
   2.1180658e+00   1.2214032e+00
  -5.8716363e-01  -1.5624818e+00
  -9.6694429e-01  -5.6355667e-01
   2.1725241e+00   3.3871171e-01
  -7.2773599e-01   1.2158093e+00
   1.2537225e+00   7.7739021e-02
   1.4358689e-01   1.2996006e+00
  -6.8223239e-01  -1.1201668e+00
   9.8689196e-01   1.7490861e+00
  -1.0486082e+00  -9.4828410e-01
   1.2803197e+00   1.3170653e+00
   8.6221093e-01   1.8902802e+00
   7.5558021e-01   2.1590550e+00
  -1.8875069e+00  -1.4772117e+00
   1.3706105e+00   4.6918896e-01
  -4.6242745e-01  -1.2731347e+00
   2.1133955e+00  -2.5895619e-01
   1.1442975e+00   1.4013389e+00
  -1.0173936e+00  -7.0347937e-01
  -1.4060006e+00  -1.1948243e+00
  -1.1202231e+00  -3.3407848e-01
   2.8891846e+00   9.8608788e-01
   1.4354907e-01   1.6098785e+00
  -7.5055316e-01  -1.9030334e+00
   1.5563893e+00  -2.3891015e-01
   8.9546041e-01   1.3180417e+00
   4.9365669e-01  -8.0087528e-01
  -2.5750277e-01  -1.1368400e+00
   2.2211609e+00   1.7684377e+00
   1.4921297e+00   2.1718961e+00
   1.4960272e+00   2.2679069e+00
   5.4567307e-01  -8.4258533e-01
   1.5288268e-01   1.8782327e+00
  -8.0506634e-01  -1.0739673e+00
  -7.6413979e-01  -1.0693064e+00
  -1.0902044e+00  -4.8863100e-01
   1.7330954e+00   2.9364870e+00
   7.1467369e-01   2.1761526e-01
  -1.2132074e+00  -1.0704425e+00
  -8.8063026e-01  -1.0584823e+00
   5.7256576e-01   3.3351389e-01
   7.6985653e-01  -7.1354824e-01
  -6.7589214e-01  -8.0758301e-01
   2.9065573e-01   2.1425940e+00
  -7.1582213e-02  -7.6424277e-01
   1.3516860e+00   1.1242926e+00
   1.7994048e+00   4.5823037e-01
  -1.8099320e+00  -1.5428897e+00
  -1.5784549e+00  -6.1469954e-01
  -1.4761614e-01   1.7837755e+00
  -1.2648816e+00  -1.4675214e+00
  -4.2236506e-01   2.1833682e+00
   1.8014065e+00   2.4338520e+00
  -1.1783942e+00  -1.0727778e+00
  -9.8822446e-01  -9.0090625e-02
  -2.6102892e-01   2.2829450e-02
  -1.1607116e+00   6.6266016e-02
  -4.8033452e-01   1.9046207e+00
  -3.9869750e-01  -9.6662069e-01
   2.0974580e+00   5.4714151e-01
   1.8310321e+00   1.7795110e+00
  -1.4016744e+00   1.3221282e+00
  -1.4578669e+00  -1.0890198e+00
  -1.0106092e+00   1.7493372e+00
   1.2729102e-01   1.4113529e+00
  -7.8914968e-01  -1.3405475e+00
   3.2211592e+00   1.9786224e+00
  -1.5206198e+00  -1.5136847e+00
  -1.0330530e-01  -1.5909666e+00
  -1.1369615e-01   1.8494794e+00
   2.0896177e-01   1.0593006e-01
   3.3820695e-01  -3.2895185e-01
  -5.5950127e-01  -6.0132542e-01
   1.2685202e+00   2.4811505e+00
  -1.4365703e+00  -1.6275022e+00
   1.5187873e+00   7.9062447e-01
   4.7830014e-01   1.5569441e+00
  -7.5785986e-01   5.4796659e-01
  -9.7347995e-01  -9.1692000e-01
  -9.0004898e-01  -5.4125977e-01
   3.6816353e-01   9.2779363e-01
  -1.5633930e+00  -1.4024976e+00
   1.0377738e+00   1.0346957e+00
   1.6092064e+00   2.4711089e-01
  -9.7278436e-01  -8.2243185e-01
   1.4352284e+00  -1.5985200e-01
   1.0642262e+00   1.8550972e+00
   1.1047646e+00   1.6108293e+00
  -6.7829044e-01  -5.4445142e-01
  -8.9740587e-01  -2.2509090e-01
  -1.4702737e-01   1.7390212e+00
   1.4339019e+00   1.2890501e+00
   5.1219981e-01   2.2480808e+00
   1.2902929e+00   1.0260677e+00
   9.5034272e-01   2.1693395e+00
  -1.5748154e+00  -3.2863371e-01
  -8.5020079e-01  -1.2449655e+00
  -9.0611230e-01  -3.8590273e-01
   1.7648303e+00   9.9153408e-01
  -3.8406393e-01  -6.7173704e-02
   8.0033948e-01   1.0941083e+00
  -1.9008234e+00  -2.7603785e-01
  -8.7242114e-01  -9.0309505e-01
  -1.2626799e+00  -5.9992417e-01
  -1.1649198e+00  -4.4532090e-01
  -5.5981467e-01   3.3999764e-01
   8.1129275e-01   2.0576697e+00
  -3.0828859e-01   3.2720876e-02
  -1.5326970e+00  -1.9903716e+00
   4.7781210e-01  -4.2347421e-01
   6.7281459e-01   1.9269515e+00
   3.4325236e+00   6.5431697e-01
  -1.3933794e+00  -8.6479525e-01
   6.7500039e-01  -1.5328404e+00
  -5.9804059e-01  -7.5216260e-01
  -6.4969014e-01   1.1140339e+00
  -4.9345545e-01  -6.2862667e-01
  -1.2347941e+00  -1.0900376e+00
  -2.2888476e-01  -1.6934131e+00
  -1.0746137e+00  -1.4309054e+00
   7.0045061e-01   4.2244503e-01
  -7.4319770e-01  -5.0348834e-01
  -5.0733323e-01  -6.4385192e-01
  -1.4283501e+00   4.2638496e-01
   4.3364211e-02   2.0785261e+00
   1.7277565e+00   1.1620760e+00
   2.8957409e+00   4.3347246e-01
  -1.0123181e+00  -1.4763241e+00
   1.4350235e+00   1.8641842e-01
   1.7283603e+00   1.4537265e+00
  -1.9749622e+00  -1.4688636e+00
   1.6045464e+00   1.6766710e+00
   2.0520925e+00   2.7554098e-01
   3.8534062e-01   2.5821561e-01
  -7.4104389e-01   5.5240472e-02
  -2.7234361e+00  -1.3675092e+00
  -8.2877019e-01  -5.4329983e-01
  -7.1243958e-01  -6.6442479e-01
   1.9558218e+00   5.7259067e-01
  -2.0862082e+00  -1.1692502e+00
   8.0314835e-01  -4.8440017e-01
  -6.6338828e-01  -1.6395792e+00
   1.1107548e+00   1.3204149e+00
  -1.5991539e+00  -8.5676253e-01
   1.3123282e+00   7.9440415e-01
   2.1434574e+00   5.2047118e-01
  -5.4439824e-01   1.5736386e+00
   5.2367616e-01   1.2175272e+00
   6.3490603e-01   1.8080505e+00
  -1.3203204e+00  -3.7075921e-01
  -1.3479049e+00  -7.6953710e-01
  -1.2139826e+00   1.7843198e-01
   1.0347715e+00  -4.8193302e-01
  -1.6007177e+00  -6.4371374e-01
   4.2140006e-01  -3.7516026e-01
   2.1578766e+00   3.8569681e-01
  -1.1671544e+00  -1.3928778e+00
  -4.4822874e-01   1.5167353e+00
  -6.3707536e-01  -5.4134491e-01
   1.0547044e-01   2.5683811e+00
  -1.0426080e+00  -1.5643288e+00
   2.9697812e+00   1.7964532e+00
   1.1810914e+00   2.6592555e-02
  -1.2997012e+00  -1.0827423e+00
  -1.4445454e+00  -9.7723836e-01
  -1.4514123e+00  -6.1260566e-01
  -7.6733053e-01  -9.6826167e-01
  -1.0224844e+00   2.6815407e-01
  -1.3152142e+00  -6.9527610e-01
  -1.3449428e+00  -1.4381705e+00
  -8.4232351e-01   2.7697005e+00
   3.2113611e+00  -1.1959895e-01
   1.2070519e+00   2.1977234e-01
   3.3118364e+00   1.3426031e+00
   1.3958298e+00  -4.0779405e-01
   2.5468045e-01   1.6205231e+00
  -2.3361712e-01   7.7761398e-01
   3.1049838e+00   3.5073761e+00
   1.1292032e+00   6.3559155e-01
  -1.5187309e+00  -6.6445148e-01
  -6.7180639e-01   1.4345911e-01
   3.5622871e+00   7.4034328e-01
   5.7658803e-01   3.0654257e+00
  -3.6332268e-01   5.5607072e-01
   9.6591212e-01   8.1026411e-01
   2.0660263e+00   2.2253022e+00
  -1.3179279e+00  -1.3428112e+00
   1.2833543e+00   3.9131882e-01
  -1.6898930e+00  -1.1569187e+00
  -1.2754629e+00  -1.2059968e+00
  -1.0922191e+00   1.0120216e+00
  -2.3238190e-01  -4.4653510e-01
  -1.0944494e+00  -6.3059255e-01
  -1.2122566e+00  -7.2487594e-01
  -1.6363329e+00  -1.1232362e+00
  -1.8726885e-01  -1.7184498e+00
  -6.6204220e-01  -2.0292153e+00
  -4.6546634e-01   1.3259633e+00
  -1.2012801e+00  -1.0620034e+00
  -8.2747489e-01  -1.3491008e+00
  -8.3788980e-01  -1.5001576e+00
   6.5295867e-01   4.2629751e-01
   2.8443403e+00   1.0154384e+00
  -1.0583168e+00  -3.0766702e-01
  -1.4178164e+00   5.0824913e-01
  -2.2758033e+00  -1.4674465e+00
  -5.5449627e-01  -1.2474042e+00
  -1.5829824e+00  -1.2897219e+00
   5.6565170e-01   2.7800776e+00
  -1.1815347e+00  -8.7279590e-01
   7.2383853e-01   3.0620582e-01
   1.2395599e+00   1.7872941e+00
   3.0942757e+00   4.8676484e-01
  -1.0050056e+00  -1.2467475e+00
   1.2991701e+00   8.7395052e-01
   2.0556350e+00   1.8994437e+00
  -5.6487649e-01  -1.2986724e+00
   2.7886911e-01   1.7792237e+00
  -9.9158849e-01  -1.3294796e+00
  -1.1453241e+00  -1.4360647e+00
   3.3423941e-01   1.1188943e-01
  -1.6563217e+00  -6.8805825e-01
   1.3628197e+00   1.3110099e+00
  -1.5974833e+00  -8.9453186e-01
   1.2054858e+00  -3.1675273e-01
  -1.3668386e-01  -1.2528622e-01
  -1.6643289e+00  -1.4636927e+00
  -5.8618245e-01  -1.2989817e+00
  -9.2461077e-01  -6.1388725e-01
  -6.6846359e-01  -1.2074790e+00
   6.5446398e-01   2.3979925e+00
   5.5789350e-02   1.0648315e+00
  -7.0414551e-01  -1.3293917e+00
  -6.9403795e-01  -6.7864598e-01
  -9.1043673e-01  -1.1081899e+00
   2.3969930e+00   1.1373407e+00
  -7.9285177e-01  -1.1556479e-01
   1.0337614e+00   2.6054195e-01
  -1.6014053e+00  -1.4155732e+00
   1.5111132e-01  -3.7183635e-01
   3.0589044e+00   1.9315207e+00
  -8.1795127e-01  -8.9901693e-01
   1.9932941e+00   1.3581412e+00
   1.3997479e+00   1.6642842e-01
   2.2877018e-01   9.1324225e-01
  -9.5640329e-01  -1.4909301e+00
   6.5471520e-01   1.0191778e+00
  -1.0219479e+00  -2.1913867e+00
  -1.6675125e+00  -8.9394518e-01
  -1.0735299e+00  -8.4965806e-01
   2.2166496e+00   1.5956478e+00
   2.4067050e+00   1.9706678e+00
  -8.2117236e-02   3.3124561e+00
  -1.4433892e+00  -2.9727697e-01
   2.1944972e+00  -1.9693878e-01
   5.2925283e-01   1.2998328e+00
  -1.1270426e+00  -6.3436470e-01
   2.5646562e+00   4.3282692e-01
   4.8107734e-01   1.2164346e+00
  -1.1680594e+00  -1.7964509e+00
  -8.0965434e-01  -1.4882285e+00
   1.0046284e+00   1.5583263e+00
  -1.3113663e+00  -9.6326550e-01
  -6.1852110e-01  -1.0208085e+00
  -5.6484740e-01   8.9149817e-01
  -8.4752975e-01  -1.7876070e+00
   1.3395207e-01  -9.3700059e-01
   3.9499954e-01   5.3690601e-01
  -1.0367405e-01  -8.0627418e-01
   3.1025517e+00   9.8670811e-01
  -1.0669646e+00  -7.8818666e-01
   2.0419009e+00   2.6809899e+00
   1.6079756e+00  -2.1655557e-01
   4.0755677e-02   1.2253009e+00
   1.1036881e+00   2.5462763e+00
  -1.5101040e+00  -3.4337340e-01
  -5.7796647e-01   4.9312888e-01
  -1.0583469e+00  -1.1595184e+00
  -4.7070964e-01  -1.0481184e+00
  -1.0303139e+00  -6.3904285e-01
   1.5264014e+00  -1.0335750e+00
   1.1712532e+00   1.3361230e+00
   1.9991566e+00   1.1071169e+00
   1.9583534e-01   1.6561304e+00
  -1.4689459e+00   1.0501351e-01
  -1.4443405e+00   1.7817605e-01
  -5.4435940e-01  -9.0673807e-01
  -9.8244125e-01  -1.3509204e+00
   1.2448771e+00   2.3999274e+00
  -9.6398650e-01  -1.2483886e+00
  -1.0347821e-01   6.0419666e-01
  -6.0674313e-01  -7.3086102e-01
   1.8837941e+00   5.7051983e-01
   4.3244615e-01   1.1481187e+00
   1.1444952e+00   8.2398561e-02
   1.8881377e+00  -4.9398122e-01
  -8.3925866e-01  -9.3835516e-01
  -1.0916839e+00  -4.9769690e-01
   1.5915327e+00   8.7310033e-01
  -1.4822525e+00  -8.8746134e-01
  -1.3768828e+00  -8.1294690e-01
  -5.1981412e-01  -1.6593945e+00
  -1.1951193e+00  -8.0136925e-01
  -1.0186566e+00  -7.9355847e-01
   4.5634454e-01   1.1951962e+00
  -1.2425344e+00  -7.3438220e-01
  -1.1974402e+00  -1.0243953e+00
   2.8850389e+00  -9.8442824e-01
   1.3623920e+00   1.3550092e+00
  -1.4021255e+00  -1.1392857e+00
  -6.0433204e-01  -1.2916874e+00
  -1.0323755e+00  -8.3871806e-01
  -7.7645556e-01  -1.5279459e+00
   1.0684801e-01   2.7695894e+00
  -7.3307690e-01  -5.0010815e-01
  -1.8485544e-01   2.1554092e+00
  -3.4867956e-01   3.6297835e-01
   5.8785614e-01   6.8572377e-01
  -8.8551099e-01  -9.0475843e-01
  -5.9250190e-01  -1.7641248e-01
  -1.2740688e+00  -3.1945791e-01
  -1.0143410e+00  -8.6746841e-01
   1.2528909e+00   3.7165941e-01
  -1.1407318e+00  -1.6836160e+00
   3.3215334e+00   1.0768505e+00
  -1.0760139e+00  -9.3048862e-01
  -1.1999976e+00  -4.3372622e-01
  -1.2240703e+00  -5.0175887e-01
  -2.4293829e-01   4.6237872e-01
  -2.5768719e-01   6.2068709e-01
   4.2094022e-01   1.5267207e-01
   2.0484359e+00  -1.0882859e+00
  -1.0410157e+00  -2.8838480e-01
   1.6902920e+00   2.4827172e+00
   7.9185027e-01   2.4294222e+00
   1.1215226e+00   1.3597056e+00
   3.0159867e-01   1.8204689e+00
   1.3886729e+00   1.2422520e+00
  -1.0344467e+00  -1.3170037e+00
  -1.6228321e-01   1.5723799e+00
  -9.2274085e-02  -4.3713294e-01
   1.9063415e-01   1.3750206e+00
  -6.3618801e-01  -3.6065345e-02
  -1.3420226e+00  -6.9348584e-01
   1.6402427e+00   4.9471086e-01
  -1.1751688e+00  -9.1734265e-01
  -9.6058005e-01  -6.6395422e-01
   1.8225402e+00   8.8527659e-01
   1.3614488e+00   2.8062580e+00
  -2.4803443e-01  -1.2275358e+00
  -8.4212125e-01  -4.8459932e-01
  -1.6835578e+00  -3.6125043e-01
   5.2390653e-02   1.5257984e+00
  -6.3608191e-01  -1.1532100e+00
   1.7102306e+00   1.9849792e-02
   1.9810208e+00  -1.1064955e-01
  -7.3366941e-01   5.7784645e-01
   8.1184181e-01   3.2381158e-01
  -1.3642476e+00  -1.0742263e+00
  -6.9805226e-01  -7.2997785e-01
   3.0240753e-01   1.0830138e+00
   7.8049450e-01   4.6957833e-01
   1.2301683e+00   2.6756824e+00
  -1.6579594e+00  -7.0464472e-01
  -1.4326962e+00  -1.2569090e+00
   2.2018652e+00  -2.6971308e-01
   1.2141554e+00   2.3759217e+00
   1.4802076e+00   3.0706793e+00
   9.7253792e-01   2.4117812e+00
   2.3709588e+00   1.3911658e+00
   1.7449568e-01   2.3919162e-01
  -1.0208494e+00  -8.9456890e-01
  -1.1739354e+00  -1.0812532e+00
   3.8031358e-01   2.1845162e+00
   1.1458493e+00   1.6394505e+00
  -1.3012123e+00  -5.6066758e-01
  -1.9628722e+00  -8.7481210e-01
  -9.3001166e-01  -4.5187396e-01
  -1.4780757e-01  -1.4463412e+00
   1.2150936e+00   2.9707935e+00
   1.5976932e+00   3.4011486e+00
  -1.0517997e+00  -3.5916968e-01
  -3.9513051e-01  -7.4536403e-01
  -1.2935524e+00  -1.6176461e+00
  -1.0441467e+00  -4.5724986e-01
  -1.2534341e+00  -1.5686121e+00
  -2.3233230e-03  -1.3758765e+00
   1.5937779e+00  -1.1899795e+00
   1.1063256e+00   2.2958582e-01
   9.3242221e-01  -5.0831588e-01
  -3.6300449e-01  -8.2603786e-01
  -9.1852533e-01  -2.3310691e-01
  -6.9287274e-01  -1.0512922e+00
  -8.7888636e-01  -1.2739375e+00
  -1.4015981e+00  -8.5061211e-01
  -4.3805332e-01  -8.4230749e-01
   2.7047186e+00  -1.0552548e+00
   2.0126699e+00   1.6732155e+00
  -3.1212191e-01  -1.4957734e+00
  -1.4167976e+00  -1.3553069e+00
   3.6806654e+00  -1.3259605e+00
  -1.0925189e+00  -9.6492282e-01
  -3.5534766e-01   1.5083344e+00
   4.9386057e-02  -1.6768296e+00
   4.0555330e-01   1.8006982e-01
  -9.0965172e-01  -1.1205014e+00
   1.5947726e+00  -3.7242297e-01
   4.1099535e-01   1.7455618e+00
   8.9812099e-01   1.5291080e+00
  -9.5747253e-01  -8.7735935e-01
   2.0458586e+00   2.6353940e+00
  -2.5427648e-01  -1.6368568e+00
   8.0750225e-01   7.6585956e-01
  -1.4527806e+00  -1.1259100e+00
  -1.1476831e+00  -1.3512850e+00
   2.3479798e-01  -9.3040356e-02
   1.0124118e+00   1.8251319e+00
  -6.4064212e-01  -1.1518277e+00
   1.5836555e+00   5.6513415e-01
  -1.2475886e+00  -1.0592772e+00
   1.3065628e+00   8.4562365e-01
   9.1565984e-01   7.9110419e-01
  -1.5136380e+00  -8.9010221e-01
  -1.0195861e+00  -5.0202342e-01
   1.6849202e+00   2.0532431e+00
   4.8003961e-01   1.4762193e+00
   1.6870641e+00   1.1388920e+00
   2.4661906e+00   4.8311320e-01
  -3.1986083e-01   1.1825702e+00
  -2.0226056e+00  -9.3803265e-01
   1.9849157e+00   2.3593105e-01
   1.2572124e+00   1.3970467e+00
  -9.5867583e-01  -1.4041068e+00
   1.2913892e-01  -7.0725835e-01
   6.5573956e-01   1.8284029e+00
  -9.1690992e-01  -2.0007147e-01
  -1.1483246e+00  -1.2755082e+00
   5.2968684e-03   3.3895625e+00
  -1.0429131e+00  -9.9249478e-01
  -4.7669437e-01  -1.1413615e+00
  -9.9953942e-01  -1.6070505e+00
  -5.3430554e-01  -1.2344257e+00
   1.7853969e+00   6.4855690e-01
   2.7304733e+00   2.4253904e+00
   6.4083476e-01   1.5049406e-01
   5.2359083e-01   2.1929811e+00
  -9.2524966e-01  -1.6958179e+00
  -3.2780704e-02   1.0709873e+00
   5.9999979e-01   1.2208380e+00
  -5.2011272e-01   2.0247590e+00
  -4.9685561e-01  -7.6399300e-01
  -8.6615952e-01  -7.5216049e-01
  -6.4150394e-01  -6.1948346e-01
  -3.3090255e-01  -1.2939367e+00
  -1.1253138e+00  -7.6975583e-01
  -6.3518926e-01  -1.4772852e+00
  -1.4821743e+00  -1.2217392e+00
  -2.4586565e+00  -1.1036131e+00
  -1.2521618e+00  -1.5434366e+00
  -1.3571677e+00  -8.5398591e-01
  -9.7337317e-01  -9.6312955e-01
   1.4415992e+00   2.0579941e+00
   9.2694630e-01   1.0159363e+00
  -1.8474051e+00  -1.1829369e-01
  -9.7055601e-01  -1.4238981e+00
   1.3543041e+00   1.0785093e-01
  -1.6524255e+00  -5.7156104e-01
   3.8844945e+00   2.7456084e+00
   1.7362472e+00   5.9005061e-01
   5.7539183e-01  -2.8312085e-01
  -6.9377832e-01  -1.3856441e-02
   4.8453564e-01   2.0930904e+00
  -1.5926836e+00  -9.1572785e-01
  -4.5352296e-01  -1.4279217e+00
  -3.4766236e-01  -7.1878276e-01
  -1.2572964e+00  -1.1227285e+00
  -1.1811154e+00  -1.0551241e+00
  -1.3272345e+00  -9.4880571e-01
  -4.0297937e-01  -1.8964461e+00
   1.3827354e+00   3.4686755e-02
  -4.4831238e-01  -1.4733120e+00
   1.5105973e+00   1.2330049e+00
  -7.0094003e-01  -5.1277273e-01
   1.7697898e+00   1.0640380e+00
   9.4260651e-01   1.7394936e+00
   1.6622374e+00   1.7055068e+00
  -8.2703532e-01  -1.0984939e+00
   1.6591248e+00  -4.7804423e-01
  -6.6692988e-01  -1.8663333e+00
  -6.9504855e-01  -6.2716792e-01
  -9.0701601e-02   1.7655228e+00
  -1.1466012e+00  -1.5329472e+00
  -1.1677113e+00  -8.6663454e-01
  -3.3518968e-01  -1.2629456e+00
   3.6201687e-01   1.6059870e+00
   3.6266891e-01   2.9440065e+00
  -1.0033573e+00  -1.6613045e+00
   1.8271457e+00   2.6648546e+00
  -9.7803068e-01  -5.3345800e-01
   6.5072737e-01   1.8129230e+00
  -1.2370200e+00  -1.4504811e+00
  -1.7192974e+00  -2.0259871e+00
  -8.1838530e-01  -8.0555380e-01
  -4.6771825e-01  -1.1019303e+00
   9.5525144e-01  -1.6251774e-02
   1.2657439e+00  -1.0569023e+00
   7.7160404e-01  -9.9083167e-01
   7.8041379e-01   7.4327356e-01
   2.9525014e+00   3.4231216e-01
  -8.9332143e-01  -9.9921384e-01
  -4.6561469e-01   6.0270840e-01
  -6.1208582e-01  -1.4567470e+00
   9.7694430e-01  -1.1931092e-01
  -1.2418083e+00  -5.5597863e-01
  -9.2579273e-01  -1.0060656e+00
   1.3866137e+00  -1.4368057e-01
  -1.7817474e+00  -4.4596517e-01
  -1.1492176e+00  -1.0604036e+00
   1.6265799e+00   9.1100766e-02
  -1.3634715e+00  -1.9559978e+00
  -3.3202771e-01   1.3978532e+00
  -6.5875241e-01  -9.9928141e-01
  -1.2748847e+00  -4.5882791e-01
  -1.7202450e+00  -2.7777266e-01
   1.2604100e+00   1.1910224e+00
  -7.0315767e-01  -1.5560465e+00
   7.7068601e-01   2.5409564e+00
  -9.4970621e-01  -2.8061428e-01
  -2.2114602e-01  -1.3980024e+00
   4.1623483e-01   1.1206884e+00
   1.7845683e+00   1.1094929e+00
   1.6656870e-01   2.7285042e+00
  -4.5220770e-01   5.6393255e-01
   1.3612039e+00   1.6501695e+00
   1.8283371e+00   1.7055797e+00
  -7.8667731e-01  -1.5195733e+00
  -1.9602506e-01  -9.5514623e-01
  -1.0151781e+00  -6.7023938e-01
   3.4804475e-01   1.4349204e+00
  -1.3423214e+00  -1.4254302e+00
   2.0336000e-01   2.5633204e+00
  -4.5521244e-01  -1.0107680e+00
   7.6845565e-01  -1.1325070e+00
   9.6727388e-01   3.2784247e-01
  -2.2943691e-01   1.0192696e+00
  -5.4547417e-01  -1.6703948e+00
  -1.8454227e+00  -7.2012370e-01
  -5.4670923e-01  -5.7556106e-01
  -1.3166112e+00  -6.1547891e-01
   4.8407127e-01   1.5810826e+00
  -2.3081622e-01   1.4156523e-01
  -7.4704920e-01  -8.7029777e-01
   1.6350368e+00   4.3349934e-01
   6.3732938e-01   1.3391157e+00
  -1.2230599e+00  -1.0898114e+00
   1.1654218e+00   8.2121820e-01
   2.7714160e+00  -5.8539719e-01
  -1.5841471e+00  -1.2884767e+00
   9.9968052e-01   5.4326370e-01
   1.8945655e+00   9.1958135e-01
  -8.7664882e-01  -1.2791454e+00
   2.6520362e+00   5.7224834e-01
  -1.2167058e+00  -1.0208638e+00
   1.3035064e+00   2.4241568e-01
   1.7015614e+00  -5.8156906e-01
  -1.3028039e+00  -9.0093509e-01
   6.8208743e-01   1.6297781e+00
   8.3228588e-01   1.1604281e+00
   1.1977072e-01   2.5948548e+00
   2.8192300e-01  -8.8508576e-01
  -8.4028293e-02  -9.4158500e-01
  -5.7599669e-01  -1.5793316e+00
   1.0194477e+00   2.1060587e+00
   1.3102453e+00   1.2004460e+00
   1.4403422e+00   9.3119374e-01
  -1.9309829e-01  -1.4284985e+00
  -1.0096746e+00  -7.6278321e-01
  -1.9607831e+00  -5.3128190e-01
  -5.8663725e-01  -4.0626731e-02
   1.2158153e+00   2.5416885e+00
   1.7236435e+00   4.6341512e-01
   9.1367022e-02   1.4204290e+00
  -9.2074185e-01  -5.4876051e-01
  -7.9485651e-01  -1.7667338e+00
   4.7001532e-01   2.0668832e+00
  -8.1074574e-01  -2.4626295e-01
  -2.8588451e-01   8.6268283e-01
  -1.1820598e-01  -2.1451467e+00
   1.0175809e+00  -6.5606245e-01
  -3.4035512e-02   2.5444858e-01
  -1.0198339e+00  -4.5906730e-01
   1.9124946e+00   1.7223330e+00
   2.3803921e+00   2.4898021e-01
  -1.4055310e+00  -5.9368865e-01
  -4.9964093e-01  -1.4286399e-01
  -7.0350597e-01  -1.7821490e+00
   2.4774677e+00   4.0184659e+00
  -2.1941987e-01   1.1968645e+00
  -1.8494266e+00  -1.0627433e+00
  -1.2609728e-01  -1.6948604e+00
   1.3662290e+00   1.9623196e+00
  -1.4345976e+00  -1.2735623e+00
   1.4667787e+00  -3.7529464e-01
   9.6604152e-01   2.0288392e+00
  -1.3846345e+00  -6.4917143e-01
  -6.2222077e-01  -6.3570827e-01
   3.4809313e-01   1.9725519e+00
  -1.4704128e+00  -1.5041827e+00
  -1.0955355e+00  -8.6209913e-01
  -7.1888576e-01  -1.0809195e+00
  -5.5394185e-01  -1.4976987e+00
  -2.5322987e-01  -2.7112381e-01
   1.9233337e+00   1.1787732e+00
   1.6934900e+00   8.2119516e-01
   4.3376664e-01   1.9251171e+00
   1.5423916e+00   7.5594980e-01
   2.1341666e+00   2.2624635e-01
   5.5989715e-03   1.8422349e+00
  -4.7985908e-01  -1.6562743e+00
  -1.1928113e+00   1.5485646e+00
  -5.2519102e-01   1.9506243e+00
  -1.2843559e+00  -1.2828955e+00
   6.7898742e-01   3.7845349e-01
  -1.5551660e+00  -1.3827671e+00
  -1.5897292e+00  -1.3038899e+00
  -2.2088631e+00  -1.1486851e+00
  -3.9878776e-01  -7.8787734e-01
   2.4614844e+00  -3.7230400e-01
  -3.8772946e-01  -1.3867715e+00
  -7.0565766e-01  -1.1045308e+00
  -2.4189729e-02  -1.0571929e+00
  -3.5787290e-01  -9.4372281e-02
  -5.1849000e-01  -3.2316189e-01
   4.7655450e-01   1.9772044e+00
  -7.9579541e-01  -7.1877210e-01
   1.8637765e+00   8.6519867e-01
